File	Label	Start(s)	Duration(ms)	Center(Hz)	Mean(Hz)	StDev(Hz)	Min(Hz)	Med(Hz)	Max(Hz)	Voiced(%)
1965_audio_denoised	Finland	105.7510	3610.6	NA	221.40	60.01	116.21	221.24	498.01	43
1965_audio_denoised	Finland	113.1136	1373.7	182.40	216.48	24.76	176.07	219.36	269.71	82
1965_audio_denoised	Holland	134.9998	1419.6	192.85	209.38	21.97	154.16	214.24	246.27	69
1965_audio_denoised	Holland	138.5577	2249.3	161.81	199.33	41.64	79.52	192.21	338.37	73
1965_audio_denoised	Holland	144.0903	5531.2	203.77	221.97	48.89	80.61	202.76	499.72	61
1965_audio_denoised	Holland	151.3892	5363.6	210.30	222.47	34.97	120.44	216.78	444.15	70
1965_audio_denoised	Holland	159.4675	3043.0	248.08	232.65	24.41	193.00	228.40	318.11	76
1965_audio_denoised	Sweden	186.7217	1098.3	NA	181.91	25.50	87.55	179.40	235.02	82
1965_audio_denoised	Sweden	189.0021	376.2	179.13	187.53	10.05	175.11	183.47	214.09	90
1965_audio_denoised	Sweden	191.6651	1369.9	85.51	202.30	70.14	76.68	185.84	365.60	32
1965_audio_denoised	Sweden	195.7435	306.9	NA	227.45	53.56	178.93	207.07	328.03	39
1965_audio_denoised	Sweden	198.0233	272.2	276.83	289.43	83.97	195.79	272.39	418.44	99
1965_audio_denoised	Thailand	222.1479	898.1	NA	237.50	28.38	151.81	249.79	268.26	71
1965_audio_denoised	Thailand	224.3951	237.5	227.27	228.36	15.63	200.58	229.17	248.32	95
1965_audio_denoised	Thailand	229.1519	334.9	217.46	213.29	3.96	206.50	212.40	219.80	57
1965_audio_denoised	Thailand	234.4741	1010.0	NA	242.88	49.32	200.25	231.98	481.54	67
1965_audio_denoised	Thailand	242.0004	1023.5	227.02	230.77	14.65	208.58	230.23	301.12	63
1965_audio_denoised	Thailand	244.1839	527.5	220.57	228.28	24.77	204.67	220.96	346.04	79
1965_audio_denoised	Thailand	246.6879	1912.2	267.43	230.78	25.85	184.30	225.84	302.31	66
1965_audio_denoised	USA	270.2454	2403.9	NA	174.86	37.47	81.07	174.20	239.54	74
1965_audio_denoised	USA	275.9781	806.4	198.84	196.26	86.98	84.66	199.11	440.84	64
1965_audio_denoised	USA	284.6091	2442.4	NA	196.85	28.91	160.75	185.48	280.44	70

1969_audio_ch2_denoised	Finland	126.2666	564.6	219.97	237.97	65.67	125.06	246.42	439.20	94
1969_audio_ch2_denoised	Finland	142.4665	17627.5	228.83	223.57	45.77	76.87	217.28	499.67	66
1969_audio_ch2_denoised	Israel	193.9947	1365.0	202.45	200.06	39.47	78.67	201.66	277.16	82
1969_audio_ch2_denoised	Israel	208.0610	3704.3	NA	203.76	50.59	79.75	206.73	379.94	53
1969_audio_ch2_denoised	Israel	220.4974	8466.9	NA	235.30	84.59	76.07	218.18	499.84	59
1969_audio_ch2_denoised	Australia	265.1962	1253.1	447.54	306.03	104.10	76.07	305.75	481.00	86
1969_audio_ch2_denoised	Australia	269.5755	510.4	242.60	242.36	9.07	225.10	242.63	258.43	99
1969_audio_ch2_denoised	Australia	274.0379	2218.7	307.50	302.54	41.24	234.40	289.68	419.16	92
1969_audio_ch2_denoised	Philippines	303.8105	9666.0	229.57	248.88	44.87	75.13	247.87	410.04	77
1969_audio_ch2_denoised	Japan	360.9627	10528.2	281.00	304.25	60.34	89.16	295.88	499.85	77

1973_audio_ch2_denoised	Spain	176.8073	17744.8	226.40	248.08	42.32	181.93	240.10	500.98	86
1973_audio_ch2_denoised	Israel	237.7842	1526.5	234.33	243.34	14.04	208.44	244.96	270.52	71
1973_audio_ch2_denoised	Norway	264.2021	23232.9	NA	251.36	43.08	112.95	247.51	499.63	61
1973_audio_ch2_denoised	Norway	290.7069	1278.7	223.62	276.48	53.88	85.69	283.88	360.47	96
1973_audio_ch2_denoised	Norway	294.4450	397.1	218.18	206.42	34.83	140.71	215.65	281.10	92
1973_audio_ch2_denoised	USA	314.9687	15650.1	NA	219.65	39.81	132.18	210.38	476.41	63
1973_audio_ch2_denoised	Philippines	353.3654	14497.2	268.23	267.98	56.24	91.46	259.26	500.53	62
1973_audio_ch2_denoised	Israel	394.8212	1043.0	220.35	216.79	27.16	164.67	215.56	272.87	62
1973_audio_ch2_denoised	Israel	407.1370	26067.4	NA	248.66	44.70	80.52	246.39	499.41	63

1977_audio	Scotland	31.0420	8308.7	245.55	252.82	32.51	77.99	247.14	330.17	77
1977_audio	Trinidad and Tobago	59.9323	8716.9	217.61	226.20	27.11	165.03	219.94	332.88	62
1977_audio	Colombia	104.6121	17445.0	244.19	270.76	25.13	148.58	270.31	373.98	92
1977_audio	Austria	148.0963	1837.1	248.93	229.65	17.49	203.23	230.49	260.93	72
1977_audio	Austria	173.4499	10216.3	281.32	250.96	33.06	74.82	251.56	412.15	84
1977_audio	Germany	221.1743	8083.9	241.02	237.95	20.82	113.18	237.55	296.30	69

1990_audio_ch1_denoised	Colombia	40.7782	11270.9	220.36	229.14	18.01	170.22	229.50	298.14	82
1990_audio_ch1_denoised	Bolivia	100.8601	32439.0	NA	226.54	30.85	75.49	224.54	472.43	58
1990_audio_ch1_denoised	Mexico	173.7663	15449.1	213.53	223.24	26.19	162.76	219.49	492.95	74
1990_audio_ch1_denoised	Norway	246.6723	12696.5	NA	222.82	34.38	110.48	217.34	479.70	62
1990_audio_ch1_denoised	Chile	299.4421	15428.4	NA	235.56	50.66	89.96	231.62	496.64	75
1990_audio_ch1_denoised	USA	369.6681	25596.6	180.84	183.86	25.08	102.03	178.37	452.79	68

1992_audio_ch2_denoised	Netherlands	16.8619	20109.4	NA	209.70	42.67	91.79	206.06	500.64	63
1992_audio_ch2_denoised	Belgium	95.9521	23575.4	228.40	243.30	28.66	82.51	239.49	473.46	66
1992_audio_ch2_denoised	India	158.2309	21364.9	226.44	237.82	32.33	86.45	231.42	458.60	78
1992_audio_ch2_denoised	Venezuela	217.2248	14097.8	244.86	243.46	44.73	166.90	238.43	444.51	59
1992_audio_ch2_denoised	Namibia	275.6124	23214.5	NA	227.56	26.29	112.84	224.73	465.69	60
1992_audio_ch2_denoised	Colombia	338.7846	9193.1	NA	213.05	46.31	78.44	215.08	489.69	58

2008_audio_denoised	Colombia	43.2997	2507.7	NA	343.27	62.22	195.49	348.49	471.44	80
2008_audio_denoised	Colombia	54.1759	22765.8	242.67	252.73	34.31	173.74	250.57	482.47	61
2008_audio_denoised	Colombia	77.6070	2061.9	260.45	285.06	80.38	146.26	260.75	471.27	81
2008_audio_denoised	Venezuela	114.9935	21771.2	327.28	265.22	63.59	82.88	250.29	484.89	64
2008_audio_denoised	Dominican Republic	172.3554	1528.5	310.64	312.56	21.11	290.36	311.84	364.75	87
2008_audio_denoised	Dominican Republic	176.3839	10636.1	214.77	236.89	28.78	116.02	229.36	348.83	70
2008_audio_denoised	Dominican Republic	195.8722	12410.4	NA	241.44	21.50	140.96	238.29	321.27	72
2008_audio_denoised	Dominican Republic	219.4579	1531.1	249.70	235.59	52.61	97.71	247.02	312.38	94
2008_audio_denoised	Dominican Republic	222.7549	424.7	302.93	301.80	14.23	286.14	293.56	325.45	84
2008_audio_denoised	Dominican Republic	224.0342	1302.2	331.93	330.95	31.01	292.30	327.15	392.87	90
2008_audio_denoised	Mexico	258.3525	1450.2	314.47	326.29	29.32	268.84	314.61	404.52	85
2008_audio_denoised	Mexico	264.2512	19400.0	NA	285.47	35.20	110.21	282.34	413.99	56
2008_audio_denoised	Russia	318.1141	4550.0	NA	209.96	30.31	156.12	201.04	303.35	63
2008_audio_denoised	Russia	327.5711	3483.3	250.15	200.18	24.40	161.14	195.52	274.12	58
2008_audio_denoised	Russia	336.2394	2498.6	NA	180.58	19.46	146.21	181.41	233.59	49
2008_audio_denoised	Russia	341.8827	469.7	NA	253.76	15.81	225.39	251.21	280.77	82

Script: pitch_5_0_0.praat
Analysis started: 02-Jan-24 18:42:13
Tier: 1
Labels: .
Computation units: Hertz
Step rate: 0.005 s
Low F0: 75 Hz
High F0: 500 Hz
Minimal duration: 25 ms
